               Output Dataset: STAT480 Homework 3 Bonescore1 Data              1
                                                21:08 Sunday, September 30, 2018

   Obs singh ccratio  csi calcar bone  dpa  flag1 flag2 flag3 flag4 ourscore

     1   5     0.47  0.62    9    10  125.7   2     3     2     3       7
     2   5     0.57  0.67   10    10  135.6   2     2     3     3       7
     3   5     0.50  0.65    7    10  106.8   2     3     2     2       7
     4   .     0.50  0.62    8    10  106.4   1     3     2     3       6
     5   5     0.52  0.64    7    10  114.8   2     3     2     2       7
     6   5     0.48  0.66    7    10  118.0   2     3     3     2       8
     7   5     0.54  0.67    6    10  135.1   2     2     3     1       7
     8   5     0.63  0.65    7     8  125.6   2     2     2     2       6
     9   4     0.60  0.69    7     8  131.3   1     2     3     2       6
    10   4     0.53  0.74   10     9  121.3   1     2     3     3       6
    11   5     0.71  0.55    6     8   89.4   2     1     1     1       4
    12   5     0.58  0.60    6    10   94.5   2     2     2     1       6
    13   4     0.55  0.56    7     9   90.4   1     2     2     2       5
    14   3     0.47  0.66   10     8  150.8   1     3     3     3       7
    15   3     0.43   .      9     8  155.8   1     3     1     3       5
    16   5     0.65  0.63    7     8  112.6   2     2     2     2       6
    17   5     0.67  0.67    6     8  107.1   2     2     3     1       7
    18   3     0.52  0.59    5     7   73.9   1     3     2     1       6
    19   3     0.44  0.57    5     7   78.8   1     3     2     1       6
    20   5     0.64  0.60    5     7  131.0   2     2     2     1       6
    21   5     0.62  0.61    4     7  128.1   2     2     2     1       6
    22   5     0.70  0.59    7     7  105.7   2     1     2     2       5
    23   5     0.72  0.54    7     6  106.6   2     1     1     2       4
    24   6     0.67  0.53    7     6  150.9   3     2     1     2       6
    25   6     0.64  0.56    7     7  135.6   3     2     2     2       7
    26   5     0.94  0.48    6     6   88.9   2     1     1     1       4
    27   5     0.84  0.48    5     5   85.5   2     1     1     1       4
    28   5     0.68  0.46    6     5   81.5   2     1     1     1       4
    29   2     0.75  0.48    4     3   99.3   1     1     1     1       3
    30   2     0.65  0.49    4     4   96.9   1     2     1     1       4