                  Output Dataset: STAT480 Homework 4 Diet Data                 1
                                              00:54 Saturday, September 22, 2018

                                                              bmi_
  Obs  subj  height  wt_init  wt_final  height_m  bmi_init   final   bmi_diff

   1   007     68      155       150     1.7272    23.6169  22.8551  -0.76184
   2   002     72      250       240     1.8288    33.9770  32.6179  -1.35908
   3   005     63      240       200     1.6002    42.6030  35.5025  -7.10050
   4   001     70      345       298     1.7780    49.6059  42.8480  -6.75790
   5   003     65      140       128     1.6510    23.3459  21.3449  -2.00108
   6   004     67      225       205     1.7018    35.3137  32.1747  -3.13899
