                          Salary BattingAverage         OBP         Runs       Hits      Doubles      Triples    HomeRuns        RBI
Salary                 1.0000000     0.27636547  0.32667557  0.642903478 0.54841230  0.577422675  0.235241612  0.59045359 0.66842194
BattingAverage         0.2763655     1.00000000  0.80595758  0.436742445 0.51743223  0.451677560  0.263797079  0.21273202 0.36954260
OBP                    0.3266756     0.80595758  1.00000000  0.513573906 0.43820456  0.403977442  0.198550063  0.31121016 0.39942256 
Runs                   0.6429035     0.43674244  0.51357391  1.000000000 0.85818620  0.832238693  0.549224897  0.68105783 0.83348195
Hits                   0.5484123     0.51743223  0.43820456  0.858186204 1.00000000  0.783316251  0.550314691  0.42569955 0.72433762
Doubles                0.5774227     0.45167756  0.40397744  0.832238693 0.78331625  1.000000000  0.416509580  0.63514883 0.82536579
Triples                0.2352416     0.26379708  0.19855006  0.549224897 0.55031469  0.416509580  1.000000000  0.12468318 0.33117685
HomeRuns               0.5904536     0.21273202  0.31121016  0.681057827 0.42569955  0.635148825  0.124683176  1.00000000 0.87737853
RBI                    0.6684219     0.36954260  0.39942256  0.833481950 0.72433762  0.825365792  0.331176846  0.87737853 1.00000000 
Walks                  0.5670848     0.27989442  0.59046141  0.828390414 0.66068322  0.640298657  0.307732073  0.62498159 0.72705641
StrikeOuts             0.4054935     0.07624581  0.20826603  0.684897126 0.53057299  0.600700831  0.328982954  0.74881965 0.74545054
StolenBases            0.2530669     0.20089816  0.23008022  0.526118940 0.46706716  0.292640691  0.528770174  0.07799563 0.20595961
Errors                 0.1203012     0.14536869  0.09549324  0.342257904 0.43937877  0.339002058  0.198019322  0.15238966 0.29305472
FreeAgencyEligibility  0.5645857     0.05657557  0.17219598  0.300376330 0.27042339  0.224679406  0.058900801  0.29797594 0.30797366
FreeAgent              0.1182815    -0.03386724 -0.03684967 -0.005504635 0.05868148 -0.008239228 -0.004357097 -0.02481855 0.02425882
ArbitrationEligibility 0.1259615     0.09625334  0.01434016  0.146295841 0.18782289  0.201208345  0.159951965  0.03943125 0.12654902
Arbitration            0.1083946     0.08934707  0.04729019  0.132180874 0.14833679  0.157949511  0.100654254  0.03774328 0.09585914

                              Walks   StrikeOuts StolenBases      Errors FreeAgencyEligibility    FreeAgent ArbitrationEligibility Arbitration
Salary                   0.56708484  0.405493523  0.25306692  0.12030124            0.56458568  0.118281457             0.12596148  0.10839457
BattingAverage           0.27989442  0.076245810  0.20089816  0.14536869            0.05657557 -0.033867245             0.09625334  0.08934707
OBP                      0.59046141  0.208266025  0.23008022  0.09549324            0.17219598 -0.036849669             0.01434016  0.04729019
Runs                     0.82839041  0.684897126  0.52611894  0.34225790            0.30037633 -0.005504635             0.14629584  0.13218087
Hits                     0.66068322  0.530572986  0.46706716  0.43937877            0.27042339  0.058681482             0.18782289  0.14833679
Doubles                  0.64029866  0.600700831  0.29264069  0.33900206            0.22467941 -0.008239228             0.20120835  0.15794951
Triples                  0.30773207  0.328982954  0.52877017  0.19801932            0.05890080 -0.004357097             0.15995197  0.10065425
HomeRuns                 0.62498159  0.748819649  0.07799563  0.15238966            0.29797594 -0.024818547             0.03943125  0.03774328
RBI                      0.72705641  0.745450537  0.20595961  0.29305472            0.30797366  0.024258822             0.12654902  0.09585914
Walks                    1.00000000  0.666327573  0.35482870  0.24300841            0.35139245  0.016567960             0.03148368  0.04005833
StrikeOuts               0.66632757  1.000000000  0.27864925  0.30158792            0.22515543 -0.009760519             0.03920710  0.04915002
StolenBases              0.35482870  0.278649250  1.00000000  0.17028078            0.05257471 -0.063397256             0.10395118  0.04434683
Errors                   0.24300841  0.301587921  0.17028078  1.00000000           -0.01575829  0.078222219             0.21201364  0.10720774
FreeAgencyEligibility    0.35139245  0.225155429  0.05257471 -0.01575829            1.00000000  0.445266264            -0.39717016 -0.14207920
FreeAgent                0.01656796 -0.009760519 -0.06339726  0.07822222            0.44526626  1.000000000            -0.17684647 -0.06326307
ArbitrationEligibility   0.03148368  0.039207098  0.10395118  0.21201364           -0.39717016 -0.176846471             1.00000000  0.35772879
Arbitration              0.04005833  0.049150018  0.04434683  0.10720774           -0.14207920 -0.063263075             0.35772879  1.00000000


